00010000 00000000 00001001 00111100
00010000 00000000 00001010 00111100
00000000 00000000 00001111 00111100
00000010 00000000 00101010 00010001
00000000 00000000 00000000 00000000
00100000 01111000 00101010 00000001
00000100 00000000 00001011 10001100
00000001 00010000 00000001 00111100 
00000000 00000000 00101110 10001100
00001100 00000000 00001001 10101100
00001011 00000000 00010000 00001000
00000000 00000000 00000000 00000000
00100000 01111000 00101010 00000001 
00100000 01100000 00101010 00000001
00100000 01110000 01101110 00000001
00100000 00000000 01101101 00100101
00011011 00000000 00101011 00000001
00000000 00000000 00000000 00000000
